4294967294,0
4294967294,201
4294967294,83
4294967294,81
4294967294,12
4294967294,11
4294967278,132
4294967278,131
4294967278,130
4294967278,129
4294967278,128
4294967278,127
4294967278,126
4294967278,125
4294967278,124
4294967278,123
4294967278,122
4294967278,121
4294967278,112
4294967278,111
4294967278,104
4294967278,103
4294967278,102
4294967278,101
4294967278,98
4294967279,89
4294967279,87
4294967279,86
4294967279,85
4294967279,84
4294967279,83
4294967279,82
4294967279,81
4294967279,80
4294967279,79
4294967279,78
4294967279,77
4294967279,76
4294967279,75
4294967279,74
4294967279,73
4294967279,72
4294967279,71
4294967279,70
4294967279,69
4294967279,68
4294967279,67
4294967279,66
4294967279,65
4294967279,64
4294967279,63
4294967279,62
4294967279,61
4294967279,60
4294967279,59
4294967279,58
4294967279,57
4294967279,56
4294967279,55
4294967279,54
4294967279,53
4294967279,294
4294967279,52
4294967279,51
4294967279,50
4294967279,49
4294967279,48
4294967279,47
4294967279,46
4294967279,45
4294967279,44
4294967279,43
4294967279,42
4294967279,41
4294967279,40
4294967279,39
4294967279,38
4294967279,37
4294967279,36
4294967279,289
4294967279,35
4294967279,34
4294967279,33
4294967279,32
4294967279,31
4294967279,30
4294967279,29
4294967279,28
4294967279,27
4294967279,26
4294967279,25
4294967279,24
4294967279,23
4294967279,22
4294967279,21
4294967279,20
4294967279,19
4294967279,269
4294967279,18
4294967279,268
4294967279,17
4294967279,16
4294967279,15
4294967279,14
4294967279,13
4294967279,12
4294967279,11
4294967279,10
4294967279,9
4294967279,8
4294967279,7
4294967279,6
4294967279,5
4294967279,4
4294967294,30
4294967294,104
4294967294,166
4294967294,24
4294967294,184
4294967294,191
4294967294,1409
4294967294,93
4294967294,95
4294967294,1064
4294967294,1063
4294967294,1060
4294967294,155
4294967294,153
4294967294,151
4294967294,150
4294967294,470
0,5
4294967294,127
4294967294,126
4294967294,13
4294967294,22
4294967294,17
4294967294,99
4294967294,76
4294967294,41
4294967294,43
4294967294,52
4294967294,469
4294967294,25
4294967294,1068
4294967294,26
4294967279,173
4294967294,6
4294967294,197
4294967294,193
4294967294,192
4294967294,1038
4294967294,1035
4294967294,1033
4294967294,1032
4294967294,1030
4294967294,1025
4294967294,179
4294967294,173
4294967294,162
4294967294,1061
4294967294,1055
4294967294,1044
4294967294,152
4294967294,60
4294967294,1410
4294967294,68
4294967294,92
4294967294,88
4294967294,67
4294967279,326
4294967278,513
4294967279,325
4294967278,512
4294967279,324
4294967294,186
4294967278,319
4294967279,323
18,5
18,4
18,3
18,2
18,1
4294967279,322
4294967278,318
4294967279,321
4294967278,317
4294967279,320
4294967278,316
4294967279,319
17,6
17,5
17,4
17,3
17,2
17,1
4294967279,318
4294967279,317
4294967278,315
4294967279,316
4294967278,314
4294967279,315
4294967279,314
4294967278,313
13,4
13,3
13,2
13,1
4294967278,312
4294967279,313
4294967279,312
4294967278,311
4294967278,310
4294967279,311
4294967279,310
4294967278,309
4294967279,309
4294967293,131
4294967293,130
4294967293,129
4294967293,128
4294967293,127
4294967293,126
4294967293,125
4294967293,124
4294967293,123
4294967293,122
4294967293,121
4294967293,120
4294967293,119
4294967293,118
4294967293,117
4294967293,116
4294967293,115
4294967293,114
4294967293,113
4294967293,112
4294967293,111
4294967293,110
4294967293,109
4294967293,108
4294967293,107
4294967293,106
4294967293,105
4294967293,104
4294967293,103
4294967293,102
4294967293,101
4294967293,100
4294967293,99
4294967293,98
4294967293,97
4294967293,96
4294967293,95
4294967293,94
4294967293,93
4294967293,92
4294967293,91
4294967293,90
4294967293,89
4294967293,88
4294967293,87
4294967293,86
4294967293,85
4294967293,84
4294967293,83
4294967293,82
4294967293,81
4294967293,80
4294967293,79
4294967293,78
4294967293,77
4294967293,76
4294967293,75
4294967293,74
4294967293,73
4294967293,72
4294967293,71
4294967293,70
4294967293,69
4294967293,68
4294967293,67
4294967293,66
4294967293,65
